79
5.00
-2.00
80
5.00
-2.00
81
5.00
-2.00
80
8.00
-2.00
82
8.00
-2.00
82
8.00
-2.00
82
8.00
-2.00
82
6.00
-2.00
76
6.00
-2.00
70
6.00
-2.00
68
6.00
-2.00
68
5.00
-2.00
70
5.00
-2.00
71
5.00
-2.00
72
6.00
-2.00
74
6.00
-2.00
74
6.00
-2.00
75
6.00
-2.00
74
5.00
-2.00
76
5.00
-2.00
76
5.00
-2.00
76
5.00
-2.00
77
5.00
-2.00
77
5.00
-2.00
77
5.00
-2.00
77
6.00
-2.00
78
6.00
-2.00
78
6.00
-2.00
78
6.00
-2.00
78
5.00
-2.00
79
5.00
-2.00
80
5.00
-2.00
79
5.00
-2.00
80
5.00
-2.00
80
5.00
-2.00
80
5.00
-2.00
80
5.00
-2.00
81
5.00
-2.00
80
5.00
-2.00
80
5.00
-2.00
80
5.00
-2.00
80
5.00
-2.00
81
5.00
-2.00
81
5.00
-2.00
82
5.00
-2.00
81
5.00
-2.00
82
5.00
-2.00
81
5.00
-2.00
82
5.00
-2.00
82
6.00
-2.00
81
6.00
-2.00
81
6.00
-2.00
85
6.00
-2.00
92
6.00
-2.00
103
6.00
-2.00
112
6.00
-2.00
117
6.00
-2.00
120
5.00
-2.00
118
5.00
-2.00
116
5.00
-2.00
113
5.00
-2.00
122
6.00
-2.00
131
6.00
-2.00
127
6.00
-2.00
120
6.00
-2.00
115
6.00
-2.00
123
6.00
-2.00
144
6.00
-2.00
144
6.00
-2.00
161
6.00
-2.00
163
6.00
-2.00
137
6.00
-2.00
119
6.00
-2.00
100
6.00
-2.00
102
6.00
-2.00
121
6.00
-2.00
135
5.00
-2.00
142
5.00
-2.00
143
5.00
-2.00
142
5.00
-2.00
140
5.00
-2.00
148
5.00
-2.00
154
5.00
-2.00
154
5.00
-2.00
163
6.00
-2.00
165
6.00
-2.00
158
6.00
-2.00
181
6.00
-2.00
184
6.00
-2.00
160
6.00
-2.00
167
6.00
-2.00
164
6.00
-2.00
162
6.00
-2.00
163
6.00
-2.00
160
6.00
-2.00
160
6.00
-2.00
157
6.00
-2.00
157
6.00
-2.00
161
6.00
-2.00
158
6.00
-2.00
158
6.00
-2.00
153
6.00
-2.00
143
6.00
-2.00
143
6.00
-2.00
148
6.00
-2.00
152
6.00
-2.00
155
6.00
-2.00
161
6.00
-2.00
166
6.00
-2.00
172
6.00
-2.00
174
6.00
-2.00
196
6.00
-2.00
196
6.00
-2.00
202
6.00
-2.00
